1.65202095748319 1.85439602502163 2.86786597260125 1.23834654522146
-0.172825086501834 1.00482980075058 -1.09666675006982 1.77875865215547
1.14728132426535 0.317568374616986 1.74238315805661 2.76174035708915
0.0995278547275082 0.403171939121764 0.413731129285971 1.84075137578891
0.264942355255053 -0.039848817650204 -0.338875383415216 1.22786642509880
0.0192050268310238 0.541130980541656 2.14369582176038 0.865955199799032
-0.682841571712706 0.293346323186411 1.50389112713437 -0.531033154316471
-1.12720117659356 -1.08104749677273 0.364843090491214 0.478932087901569
0.454683222594772 0.478765333794272 1.24309743962600 1.54246235998118
-3.21599127202269 1.40259479389014 2.40347847222601 1.01778565024477
1.74521829631660 -1.29884509257902 1.66591878746047 1.54824344700636
2.33783325462329 2.5499348465021 2.33644855525088 0.653150552898736
-1.01748626628926 -0.88695328066301 0.386686395704924 1.11778259255747
-0.847114291810032 -0.368381316935264 3.06263874270908 0.203051903018987
0.639017527719319 -0.89930608598003 1.20948930410230 4.41715431458697
-2.68483042171366 1.09963497983549 -1.06637375285644 1.83996042376522
0.692518286150024 -1.98124074644353 0.342745367870131 0.798410728234196
0.390729889947514 1.67198264516631 0.270681391871897 0.858132274779527
2.2879328355981 1.95783264456483 1.20488511184996 2.40861828676494
0.0921682675244797 1.42896564360525 1.26746845320453 2.29537798336074
4.03624330293945 -0.373776509069802 1.09933691170575 1.60329652778455
0.718647134498451 1.23615185729247 3.20902118386523 0.319216611000797
-1.64116780885102 0.195268612517840 -1.16046085871855 0.246962765901324
-0.361578252274101 0.970461975260602 1.25615953976812 1.95815219837933
-0.0450508579489479 0.152621210759713 1.80684779076371 0.218980244598289
0.961558778128074 1.57649207904821 0.300320660474179 0.440573353503108
2.67224275287753 1.21697705429311 0.635282030864606 1.41633623472661
14.5832356626557 0.922606041731455 -0.597623969780781 1.55897120267641
2.6444523891072 0.740456763536941 2.04165211230198 0.788818722317627
-0.803581407845413 -0.226750161576796 0.819586060460336 2.21708816411308
5.60433014446331 1.47157206021501 -0.728311773083385 1.32226980958859
-1.46124834200065 0.693529056402303 1.72471613531516 1.90345063555636
0.941855001976604 -0.939144139638643 1.35776099738165 0.129936394463777
-1.42030381647381 -0.872567275996118 1.24394754355154 1.43360780119836
-0.648310185989449 0.13132614708862 0.221966526969233 0.153420759639273
-0.209223696805293 0.052422456257218 -0.264651913244617 0.919500627760836
5.91965602899856 1.46839521863549 1.42504167301310 1.43298618822875
0.320682885604538 0.524575914452096 0.494559253301847 0.539405609894589
-0.203297690747143 -0.347645400338989 1.12316487187122 -0.0601199868417515
1.23908717819798 3.3831251797906 -0.469107712327338 1.25790211250284
-1.19449978126099 1.41662145227587 0.201723462187215 0.451525923165409
1.04969154525257 -0.0540625823566994 1.05254848262737 0.729714742985975
1.39816056705774 2.35895295039827 1.36264642124919 0.0540566594451411
-0.570133834696351 -0.29184237234575 0.311414381653719 1.69980344166027
1.66138255732307 -0.178564983338615 2.12918887570585 -0.587268514943434
0.8597070479595 1.36398619098298 0.858371723064901 0.98773650252046
-0.732008662137005 0.52900195012038 1.09336809872269 1.32400214643155
-0.0775084961518605 1.26107489237323 0.232986581665403 0.94870513305678
1.10285808904672 1.35842044048609 0.438155796033584 1.85298859532526
2.71340070158314 0.906623825845154 2.33775575010587 0.995143039226803
2.98923714927286 0.80934602364495 0.0482051184395764 0.83164755394081
-0.270705412759181 0.533082308215986 1.63041556875329 -0.0137298991240201
-0.097779181220769 0.77481508460013 -0.360004627994018 0.378541264255416
-1.95010375692199 -0.737074370858962 2.47853955761913 -0.441388140459129
1.25393309820585 1.31596484492552 1.52878533415078 2.2276478657274
0.910534855990324 3.50783858177591 1.23253512475556 1.32842404084024
-0.118338953067842 0.0203827973700705 -0.422225661505482 1.53267255596296
0.158219196609484 1.44119140451568 -0.799251306756586 1.30040826834651
0.477078069854927 1.48320071556089 0.0405995950474503 2.21986849876965
1.73709568767010 2.15394506787758 0.102194728520926 1.62710648535504
-0.137601889121853 1.23869295861060 -0.304318464796793 1.41511950270968
2.34447950650766 1.67519352628090 2.04447284714347 2.16156084767304
0.70115105580422 0.346061226013659 0.0549144716950431 4.01322592377237
2.79438870097026 -0.278242745362459 1.22974204153757 1.21347326579912
1.8121260878303 2.16668087645965 2.73382810445782 -0.405087335985373
0.101222507298344 1.02579209538591 0.305755392682842 0.907277077339569
1.32425489367180 2.64182613309461 0.435438255538264 1.93523710666371
-1.78622838855575 3.25458499988392 1.95244202016869 -0.290751219255153
-0.87574525468754 0.267314394326111 0.373378025414555 -0.785350625514448
3.14002778085027 -0.000392482394617763 1.43209371273532 -0.310320132213283
0.473993550105563 1.04895935323725 0.821668686771296 2.82411619169257
-0.792462882373912 0.951534304885803 1.64180267084825 0.0139961663749094
0.211715759921035 2.01451254524177 1.86300186854246 2.08087322020248
-2.30539408198419 3.06552067581729 1.62744832209314 1.60544040730230
1.82757678939720 -0.144411608873446 -0.144537746779135 2.89107976609975
0.709749064566499 1.62864411249335 0.531069317177941 1.53938541259531
-0.39696866899611 -0.0465908749354341 1.60968704037652 2.84585469817347
1.04951466471739 0.537245701203123 -0.560029861954077 2.85736899376043
0.737034210570086 1.36890706087038 -0.244094190413795 0.900761048295627
1.82970305054030 2.16880157902214 1.76245573334725 0.945339688404806
1.98590117553179 2.81575643112162 0.231828726988055 2.88861276106284
-1.57929898972817 0.399131533235898 -0.439138092887238 0.676210873464172
0.783878802375501 1.73145975396268 -1.56664612807339 0.730581490687066
0.266206796952718 1.73360209410737 1.68985752957891 0.833520668835115
-0.551805236319557 1.93340227372699 -0.858075380382802 1.13259920758921
0.181148132851710 1.10343965124915 2.03010877444946 2.44458323047740
1.60020801224696 3.38033836350601 2.99020924361382 0.547614312079934
-0.618213190750702 -0.155212033258485 -1.95721262797707 0.128541078449054
0.773195825028152 0.963456061812733 0.0666789655956717 1.57641654682820
3.47370353715771 0.402157361455138 1.67153012074467 1.18289905282685
1.05803591146595 2.28919567388714 1.23504431518811 1.75361639531446
0.713771432273528 2.39855434777439 0.81127690706805 0.444569964585492
-0.0995816236939666 0.87940662033337 0.692104347195178 1.64335969928503
-4.98455789509242 2.07241434439946 0.78679051197201 0.412230169970224
4.67022354925998 1.61254706703053 1.18370991277294 1.63265683494658
1.04893463795194 1.10636061883109 -0.278878927566938 1.09301374804188
-1.24622064627954 1.77951042191552 -0.0645598984947197 -0.223764354283827
0.782497494138422 1.51467009282686 -0.34173514063932 0.449381174463153
-1.60329738212876 2.23112129757969 0.787920652388622 2.4419597188253
-0.703820386925027 2.93404221029362 -0.170807276382908 1.10056135278826
-1.16777025510583 0.643616219449658 0.0807379089573608 -1.07135891287077
0.41754875094741 -0.0280638601265405 1.46646339303887 1.28719678253852
1.24274648460383 1.96595026367160 0.676896330630648 1.05155595538046
0.144965625288128 1.78804655406022 0.929049909120528 -0.528299165907216
2.40472744556859 1.68258489166097 2.14255144932372 3.30293018462456
1.20373623091357 0.709059305006119 1.25723967798109 -0.159026014331031
1.47247058470595 1.84544470949552 -0.344443317398818 1.95578460154396
-1.75076259415344 -0.291374478900732 1.77566378251012 0.779824384792636
0.641449517206164 1.44474670496129 0.60927655231475 -0.180557491337132
1.49466474465823 3.21546976803932 2.31922151799894 0.90573292204489
0.287969383865127 -0.448595121806822 2.14006502229335 -0.295956342692594
-0.949743892165 1.22675132576351 -0.0937511430305263 2.89594501666093
1.47985800104424 1.49644822239018 0.58444549575532 0.0540703530087062
-0.00397798150661385 -0.872155745911662 1.46537251434262 0.407398311608366
0.819748734287075 1.02742501035140 0.9482038618967 1.08082016816209
0.610353588982594 1.48474413774141 0.666440266623594 -0.219472795743657
0.0385164660180877 -1.00561674357291 1.24920582138644 0.16759329067012
0.21637692414795 1.00539122911801 -1.08988323169730 3.38759090211407
-0.0871681614134898 1.36278718057278 -1.23237754430909 0.573483126337003
-5.05157345871969 1.46355669188198 0.305152864964948 0.632133299545308
0.998584639388214 1.43824726266651 -0.643967328168527 1.63249544354179
-1.06547419491461 2.05925662362165 0.498199442213485 0.276848535360376
-0.218014446886655 3.63079517775734 1.23711507390750 -0.916486139306253
1.30664845379549 0.803338750755994 0.0583290754690838 1.26014102766983
2.24749988194231 -0.0620990018003434 1.00201957924286 0.783221754562102
2.97439559101064 1.92759277430093 2.43931006828769 2.81233332424408
0.165626436440106 1.17275271858197 -0.0403080791653978 0.0133265187835821
1.10543472585675 1.60452398111448 1.44354903884940 0.128658674017766
1.04632954805200 0.610855437439322 2.11924181156285 0.535321280195737
-1.88734089091837 0.156692728254376 1.08879589031022 1.69587341658228
-1.94211820431691 0.070642123566578 0.697445069853873 0.034698474882251
1.62832843343310 0.138300047641617 -0.111328271852373 1.45770390711063
1.31886324853966 0.90984152393131 0.832498368780538 0.281049554458071
0.000533071729377665 1.30121988621556 2.42010606945875 1.31477277850122
1.34247739817849 0.566129328337963 0.276863295216107 1.55058795718824
1.27983129762017 -0.0174180321431405 2.28081083336791 0.394048337210202
0.799868456492735 1.02155631289290 1.45387464429804 2.20197311847769
-23.2543456574928 1.45346180825205 0.340991438880370 2.2181626328613
1.01483936203863 1.15072891113021 -0.309274113387970 0.44696025148828
1.63959309130593 0.50703853819146 3.28160770295644 1.15833228568501
-0.0958021570314909 0.441731979535944 -0.0575939208877302 0.499076257637056
1.69023314097527 1.06797786908774 1.24598831050201 1.58921155553896
0.210380144395094 0.991885122796042 1.41958630827279 1.87485014822029
-0.524581574746283 2.97080283308449 1.11624497011690 1.54704046649335
1.66922506558881 2.05694352116523 3.10133470979519 0.73648810772684
1.26708122954625 0.649022605437038 0.00186238229261364 1.28940434858591
-2.54961449800471 0.215114198533955 0.746699729556101 0.455443440632225
4.26906320157826 2.7497203766192 1.41037563815804 -0.429632359204220
1.79132427602296 1.16403503747167 2.58331161551731 1.45068817194323
0.884781565242022 -1.27734690796713 0.569948584330053 -1.45663517168088
1.90910677826993 1.63285978016001 2.49198983035363 -0.465635957044342
6.25341817768379 1.87588733817188 0.739288433389741 0.186065469573408
0.821527158325808 0.530963129833907 -0.624945174623397 1.41796046624382
-0.515508675151521 1.52026296257258 1.47141649246731 -0.320325191189596
1.76220464033372 -0.197679818229752 -0.187542707369727 2.25426650429154
0.787103411308755 0.553493844820081 0.637259026137874 0.0938808599760576
0.549392123521017 1.16259279181677 1.52129798634326 1.26522341143445
2.31429312201934 3.71912025454661 2.88203472234009 1.65198483297142
-0.570689940877584 -0.15174575409381 1.92692043026953 1.04730232155238
-0.555442001523145 1.82374484812444 1.30382134350546 -0.734564446954943
0.0660940632531004 0.148658211882764 1.51103077704707 3.91622099330285
-0.0453796384505516 0.923702900388076 -0.465599948208900 2.281097366567
1.32301757326118 1.87398025107343 1.79540010684891 -0.0204518582916376
2.05102308027460 0.674227704845818 1.40586912928018 0.94481991562669
1.93312214705306 1.69079123203876 1.50497969777362 1.96060234017004
0.0827092827369953 0.831765863755664 2.21121913269948 0.296353312678527
1.20555631694746 1.72222337979611 2.45214883355291 1.78230150933809
-2.10351019600247 2.81904173784474 -0.903417882619664 1.37819030294213
2.07112056736609 0.270081281371820 0.293721989701604 2.55341436748400
0.891116788829714 0.299591893101569 1.83970471427435 0.229174601874581
0.162506902150429 0.361813289326039 0.951868669122646 1.11487097263989
0.565736359109798 0.0375817520983209 0.0952668777080824 -0.0892182824690285
0.23457070284799 1.16161098209675 2.07796601066641 1.07467717127943
1.21217760896264 0.357923412106096 1.09504884227978 2.67344697808429
-0.526999918331112 0.794255370277314 1.31432274173052 3.89705188800555
2.07517281802977 1.52946740001687 0.405247653872558 1.2466746938212
1.15897287026145 0.252474680704560 0.133555473702035 0.099857850228413
0.132291276620656 0.826457779095725 -0.0220519294969885 0.00915754606224164
0.302361697396398 2.11787229247735 1.02053587756699 2.70728106484524
-0.313166078559943 1.59243622753690 0.657922644676111 0.691933452246022
0.672198018244183 2.24991658234062 1.90426380448017 1.87366281297966
0.734512785039312 0.475502269368313 0.456702026168405 -0.114010883471706
1.95133201525636 0.298695817308537 0.748776912306408 1.41382278432446
1.79017631812591 0.0551895183567128 0.677379221796395 -0.741669374110173
-0.951859954439648 0.180545896853145 0.9397645528184 0.888047764393831
-4.96377440227795 1.36270684841805 -0.711052075584043 1.39199291107124
1.26037344272353 1.58963160478802 1.89810340874923 0.804106369635029
1.27917343361861 1.82651245595389 -0.103183906892326 1.97884792052263
1.21734384631081 1.52288214577327 1.48313652274890 0.501656968794849
0.769276598482412 0.143216892172807 2.22882989445713 -0.176814154099648
0.992694480978479 2.58016056899544 -0.811946129963223 0.566172903736975
15.8965004661564 1.16950672082162 1.81664941170392 -2.37570478419003
1.05254167735374 0.195290852624866 1.58633854681952 0.0457330085503143
1.92658299909292 2.19079664010633 0.241401062962469 -0.787794422147263
-0.109660554322359 -1.22852238959334 0.595887251722618 1.68146585848208
-0.304246947724771 1.34710035840439 2.0960353285851 1.11437065887452
0.3355080673487 1.30316809742279 2.65262972488732 1.37250412494974
0.0985691497337823 0.339479814577811 1.64374489003 2.44982811019488
0.943014517230423 -0.0317374197597896 1.1680075475632 1.80608827405610
0.564515062404737 2.42127738561781 -0.403000390026744 0.927701440725339
