  1  207   1
  2  225   1
  3  246   1
  4  264   1
  5  265   1
  6  242   1
  7  292   1
  8  287   1
  9  338   1
 10  231   1
 11   90   1
 12  228   1
 13  183   1
 14  285   1
 15  325   1
 16   74   1
 17    9   1
 18   51   1
 19  195   1
 20  310   1
 21  206   1
 22  108   1
 23  349   1
 24  337   1
 25    2   1
 26  114   1
 27   72   1
 28  357   1
 29  266   1
 30  268   1
 31  239   1
 32  306   2
 33   28   2
 34  250   2
 35   92   2
 36  233   2
 37  148   2
 38  304   2
 39  208   2
 40  130   2
 41  276   2
 42  351   2
 43  340   2
 44  118   2
 45   64   2
 46  214   2
 47  353   2
 48  198   2
 49  189   2
 50  210   2
 51   86   2
 52   15   2
 53   13   2
 54  116   2
 55  359   2
 56  335   2
 57  136   2
 58  217   2
 59   83   2
 60  305   2
 61  364   3
 62  184   3
 63  170   3
 64  283   3
 65  172   3
 66  327   3
 67  149   3
 68  229   3
 69   77   3
 70  360   3
 71  332   3
 72  258   3
 73  173   3
 74  203   3
 75  319   3
 76  347   3
 77  117   3
 78  168   3
 79   53   3
 80  200   3
 81  280   3
 82  345   3
 83   89   3
 84  133   3
 85  219   3
 86  122   3
 87  232   3
 88  215   3
 89  343   3
 90  191   3
 91  161   3
 92   96   4
 93  129   4
 94  262   4
 95  158   4
 96  294   4
 97  297   4
 98   58   4
 99   35   4
100  289   4
101  194   4
102  324   4
103  165   4
104  271   4
105  248   4
106  222   4
107   23   4
108  251   4
109  139   4
110   49   4
111   39   4
112  342   4
113  126   4
114  179   4
115   21   4
116  238   4
117   45   4
118  124   4
119  281   4
120  109   4
121   29   4
122  154   5
123  261   5
124  177   5
125  137   5
126   41   5
127   50   5
128  106   5
129  216   5
130  311   5
131  220   5
132  107   5
133   52   5
134  105   5
135  267   5
136  162   5
137  205   5
138  270   5
139   85   5
140   55   5
141  119   5
142   12   5
143  164   5
144  197   5
145   60   5
146   24   5
147   26   5
148  241   5
149   91   5
150   81   5
151  301   5
152   18   5
153  274   6
154  363   6
155   54   6
156  187   6
157   78   6
158  218   6
159  288   6
160   84   6
161  140   6
162  226   6
163  202   6
164  273   6
165   47   6
166  113   6
167    8   6
168   68   6
169  193   6
170  102   6
171   44   6
172   30   6
173  296   6
174   59   6
175  336   6
176  328   6
177  213   6
178  346   6
179    7   6
180   57   6
181  196   6
182  123   6
183  284   7
184   61   7
185  103   7
186  142   7
187  286   7
188  185   7
189  354   7
190  320   7
191   22   7
192  234   7
193  223   7
194  169   7
195  278   7
196  307   7
197   88   7
198  291   7
199  182   7
200  131   7
201  100   7
202   95   7
203   67   7
204  132   7
205  151   7
206    4   7
207  121   7
208  350   7
209  235   7
210  127   7
211  146   7
212  112   7
213  315   7
214  180   8
215  326   8
216  176   8
217  272   8
218   63   8
219  155   8
220  355   8
221  157   8
222  153   8
223   25   8
224   34   8
225  269   8
226  365   8
227  309   8
228   20   8
229  358   8
230  295   8
231   11   8
232  150   8
233  115   8
234   33   8
235   82   8
236  143   8
237  256   8
238  192   8
239  348   8
240  352   8
241   37   8
242  279   8
243  334   8
244  111   8
245  302   9
246   70   9
247  321   9
248   32   9
249  147   9
250  110   9
251   42   9
252   43   9
253  199   9
254   46   9
255  329   9
256  308   9
257   94   9
258  253   9
259  303   9
260  243   9
261  178   9
262  104   9
263  255   9
264  313   9
265   16   9
266  145   9
267  323   9
268  277   9
269  224   9
270  344   9
271  314   9
272    5   9
273   48   9
274  229   9
275   71  10
276   76  10
277  144  10
278   66  10
279  339  10
280    6  10
281   80  10
282  317  10
283  254  10
284  312  10
285  201  10
286  257  10
287  236  10
288   36  10
289   75  10
290  159  10
291  188  10
292  134  10
293  163  10
294  331  10
295  282  10
296  263  10
297  152  10
298  212  10
299  138  10
300   69  10
301   98  10
302   10  10
303   79  10
304   87  10
305  160  10
306  366  11
307  190  11
308  300  11
309  166  11
310  211  11
311  186  11
312   17  11
313  260  11
314  237  11
315  227  11
316  244  11
317  259  11
318  247  11
319  316  11
320  318  11
321  120  11
322  298  11
323  175  11
324  333  11
325  125  11
326  330  11
327   93  11
328  181  11
329   62  11
330   97  11
331  209  11
332  240  11
333   31  11
334  230  11
335   14  11
336   38  12
337   99  12
338   40  12
339    1  12
340  252  12
341  356  12
342  141  12
343   65  12
344   27  12
345  362  12
346   56  12
347  249  12
348  204  12
349  275  12
350    3  12
351  128  12
352  293  12
353   73  12
354   19  12
355  221  12
356  341  12
357  156  12
358  171  12
359  245  12
360  135  12
361  361  12
362  290  12
363  174  12
364  101  12
365  167  12
366  322  12

